Id,Cat
0,2
1,2
2,2
3,2
4,2
5,1
6,1
7,1
8,1
9,1
10,2
11,2
12,2
13,2
14,2
15,1
16,1
17,2
18,1
19,1
20,1
21,2
22,1
23,1
24,2
25,1
26,1
27,1
28,1
29,1
30,1
31,1
32,2
33,1
34,2
35,2
36,1
37,1
38,1
39,1
40,1
41,1
42,2
43,1
44,1
45,1
46,2
47,1
48,2
49,2
50,1
51,1
52,1
53,1
54,2
55,1
56,1
57,1
58,1
59,1
60,1
61,2
62,2
63,2
64,1
65,2
66,2
67,2
68,1
69,1
70,2
71,2
72,2
73,2
74,2
75,2
76,1
77,2
78,2
79,1
80,2
81,2
82,2
83,2
84,1
85,2
86,2
87,2
88,2
89,2
90,1
91,1
92,1
93,2
94,2
95,1
96,1
97,1
98,1
99,1
100,2
101,2
102,1
103,1
104,1
105,1
106,1
107,1
108,1
109,1
110,1
111,2
112,1
113,2
114,1
115,2
116,2
117,1
118,1
119,2
120,2
121,1
122,2
123,1
124,2
125,2
126,2
127,2
128,2
129,1
130,1
131,2
132,2
133,2
134,2
135,2
136,2
137,1
138,2
139,2
140,1
141,1
142,1
143,1
144,1
145,1
146,1
147,2
148,1
149,2
150,2
151,1
152,2
153,1
154,2
155,2
156,1
157,1
158,1
159,2
160,1
161,1
162,1
163,1
164,1
165,1
166,1
167,1
168,1
169,1
170,1
171,1
172,1
173,1
174,1
175,2
176,1
177,1
178,1
179,1
180,2
181,1
182,2
183,1
184,1
185,2
186,1
187,1
188,1
189,1
190,2
191,2
192,2
193,1
194,2
195,2
196,1
197,1
198,1
199,2
200,1
201,2
202,2
203,2
204,2
205,1
206,2
207,1
208,2
209,2
210,2
211,1
212,2
213,2
214,2
215,1
216,2
217,2
218,2
219,2
220,1
221,1
222,1
223,1
224,1
225,1
226,2
227,1
228,2
229,1
230,1
231,1
232,1
233,1
234,1
235,1
236,1
237,1
238,1
239,2
240,2
241,2
242,1
243,2
244,1
245,2
246,1
247,2
248,1
249,1
250,2
251,2
252,2
253,2
254,2
255,1
256,1
257,1
258,1
259,1
260,2
261,2
262,2
263,2
264,2
265,2
266,2
267,2
268,2
269,2
270,2
271,1
272,1
273,1
274,1
275,1
276,1
277,1
278,2
279,2
280,1
281,2
282,2
283,2
284,1
285,2
286,2
287,2
288,2
289,2
290,1
291,1
292,2
293,1
294,1
295,1
296,1
297,1
298,1
299,1
300,1
301,1
302,1
303,2
304,1
305,1
306,2
307,1
308,1
309,1
310,2
311,1
312,2
313,1
314,1
315,2
316,1
317,1
318,1
319,1
320,2
321,1
322,1
323,1
324,2
325,2
326,2
327,2
328,2
329,2
330,1
331,2
332,2
333,2
334,1
335,2
336,1
337,2
338,2
339,2
340,2
341,2
342,2
343,2
344,2
345,2
346,2
347,2
348,2
349,2
350,1
351,2
352,1
353,1
354,1
355,1
356,1
357,1
358,1
359,1
360,1
361,1
362,1
363,2
364,1
365,1
366,1
367,2
368,1
369,1
370,1
371,1
372,1
373,2
374,1
375,2
376,1
377,1
378,1
379,1
380,2
381,2
382,2
383,2
384,1
385,2
386,1
387,2
388,1
389,2
390,2
391,2
392,2
393,2
394,1
395,2
396,2
397,2
398,1
399,2
400,2
401,2
402,2
403,2
404,2
405,2
406,2
407,2
408,2
409,2
410,1
411,1
412,1
413,1
414,1
415,1
416,1
417,1
418,1
419,1
420,2
421,2
422,2
423,1
424,1
425,1
426,1
427,2
428,1
429,1
430,1
431,2
432,2
433,2
434,1
435,1
436,2
437,2
438,1
439,1
440,2
441,2
442,2
443,1
444,1
445,1
446,1
447,1
448,1
449,1
450,2
451,2
452,2
453,2
454,2
455,2
456,1
457,2
458,1
459,2
460,1
461,1
462,2
463,2
464,2
465,2
466,2
467,2
468,2
469,1
470,1
471,1
472,2
473,1
474,2
475,2
476,2
477,2
478,2
479,1
480,1
481,1
482,1
483,1
484,1
485,1
486,1
487,1
488,1
489,2
490,1
491,1
492,1
493,1
494,1
495,1
496,1
497,1
498,1
499,1
500,1
501,1
502,1
503,2
504,1
505,1
506,1
507,1
508,1
509,1
510,2
511,1
512,2
513,2
514,2
515,1
516,1
517,1
518,2
519,1
520,2
521,2
522,2
523,2
524,2
525,2
526,2
527,2
528,2
529,2
530,2
531,2
532,1
533,2
534,2
535,2
536,2
537,1
538,2
539,2
540,1
541,1
542,2
543,2
544,2
545,2
546,1
547,1
548,2
549,2
550,1
551,1
552,1
553,1
554,1
555,1
556,2
557,1
558,2
559,1
560,1
561,1
562,2
563,1
564,2
565,2
566,1
567,2
568,1
569,1
570,1
571,1
572,1
573,1
574,2
575,1
576,1
577,2
578,1
579,1
580,2
581,2
582,2
583,2
584,2
585,2
586,2
587,2
588,1
589,2
590,1
591,2
592,2
593,1
594,2
595,2
596,2
597,1
598,2
599,2
600,1
601,1
602,2
603,2
604,1
605,2
606,1
607,1
608,1
609,2
610,1
611,2
612,1
613,2
614,1
615,1
616,1
617,1
618,1
619,1
620,1
621,1
622,1
623,1
624,1
625,2
626,1
627,1
628,2
629,1
630,1
631,1
632,1
633,1
634,1
635,1
636,1
637,1
638,1
639,1
640,2
641,2
642,2
643,1
644,1
645,1
646,1
647,1
648,1
649,1
650,1
651,2
652,2
653,2
654,2
655,2
656,2
657,1
658,2
659,2
660,2
661,1
662,2
663,2
664,2
665,2
666,2
667,1
668,2
669,2
670,1
671,1
672,2
673,2
674,1
675,2
676,2
677,2
678,2
679,2
680,1
681,1
682,1
683,1
684,2
685,2
686,2
687,1
688,2
689,2
690,1
691,1
692,1
693,2
694,1
695,1
696,1
697,1
698,1
699,1
700,1
701,1
702,1
703,1
704,1
705,2
706,1
707,1
708,2
709,1
710,1
711,2
712,1
713,1
714,1
715,1
716,2
717,1
718,1
719,1
720,1
721,2
722,1
723,1
724,2
725,2
726,2
727,1
728,1
729,1
730,2
731,2
732,1
733,2
734,2
735,2
736,2
737,2
738,1
739,2
740,1
741,2
742,2
743,2
744,1
745,2
746,2
747,2
748,2
749,2
750,1
751,1
752,2
753,1
754,1
755,1
756,1
757,2
758,2
759,2
760,1
761,1
762,1
763,1
764,1
765,1
766,1
767,1
768,1
769,1
770,1
771,1
772,2
773,1
774,1
775,1
776,1
777,1
778,1
779,1
780,2
781,1
782,2
783,1
784,1
785,1
786,1
787,1
788,2
789,1
790,2
791,2
792,2
793,2
794,1
795,2
796,2
797,2
798,2
799,2
800,2
801,1
802,2
803,2
804,2
805,2
806,2
807,2
808,2
809,2
810,2
811,2
812,2
813,2
814,1
815,1
816,2
817,2
818,1
819,2
820,1
821,2
822,2
823,2
824,2
825,2
826,2
827,2
828,2
829,2
830,1
831,2
832,1
833,1
834,2
835,1
836,2
837,2
838,1
839,1
840,1
841,1
842,1
843,2
844,1
845,1
846,1
847,2
848,1
849,1
850,1
851,2
852,1
853,1
854,2
855,1
856,1
857,1
858,1
859,2
860,1
861,1
862,1
863,1
864,1
865,1
866,1
867,1
868,1
869,1
870,2
871,2
872,2
873,1
874,1
875,1
876,1
877,1
878,2
879,1
880,1
881,2
882,2
883,2
884,2
885,2
886,1
887,1
888,1
889,2
890,2
891,2
892,2
893,2
894,1
895,2
896,2
897,2
898,2
899,1
900,1
901,2
902,2
903,1
904,2
905,2
906,1
907,1
908,2
909,2
910,2
911,1
912,1
913,2
914,2
915,1
916,2
917,1
918,2
919,1
920,1
921,1
922,2
923,1
924,1
925,1
926,1
927,2
928,1
929,1
930,1
931,1
932,1
933,2
934,1
935,1
936,1
937,1
938,2
939,1
940,1
941,1
942,2
943,1
944,1
945,1
946,1
947,1
948,1
949,1
950,2
951,2
952,1
953,1
954,1
955,1
956,1
957,1
958,1
959,1
960,1
961,1
962,2
963,2
964,2
965,2
966,2
967,2
968,2
969,1
970,2
971,2
972,1
973,2
974,2
975,2
976,2
977,2
978,2
979,2
980,2
981,2
982,2
983,2
984,2
985,2
986,2
987,2
988,2
989,2
990,1
991,1
992,2
993,1
994,1
995,2
996,2
997,1
998,2
999,2
1000,1
1001,2
1002,1
1003,2
1004,1
1005,1
1006,1
1007,1
1008,2
1009,1
1010,1
1011,1
1012,1
1013,1
1014,1
1015,1
1016,1
1017,1
1018,1
1019,1
1020,1
1021,2
1022,2
1023,2
1024,1
1025,2
1026,1
1027,1
1028,1
1029,2
1030,2
1031,2
1032,2
1033,2
1034,2
1035,2
1036,2
1037,1
1038,1
1039,2
1040,2
1041,2
1042,2
1043,2
1044,2
1045,2
1046,2
1047,2
1048,2
1049,2
1050,2
1051,1
1052,1
1053,1
1054,1
1055,1
1056,1
1057,2
1058,2
1059,2
1060,1
1061,1
1062,1
1063,1
1064,1
1065,2
1066,1
1067,1
1068,1
1069,1
1070,2
1071,2
1072,2
1073,1
1074,1
1075,1
1076,1
1077,1
1078,2
1079,1
1080,2
1081,2
1082,2
1083,2
1084,2
1085,2
1086,2
1087,1
1088,2
1089,2
1090,2
1091,2
1092,2
1093,2
1094,2
1095,2
1096,2
1097,2
1098,2
1099,2
1100,1
1101,2
1102,2
1103,2
1104,2
1105,1
1106,2
1107,2
1108,1
1109,2
1110,1
1111,1
1112,2
1113,2
1114,1
1115,2
1116,1
1117,2
1118,1
1119,2
1120,1
1121,1
1122,1
1123,1
1124,1
1125,1
1126,1
1127,2
1128,2
1129,1
1130,1
1131,1
1132,2
1133,2
1134,1
1135,1
1136,1
1137,1
1138,2
1139,1
1140,1
1141,1
1142,1
1143,1
1144,2
1145,1
1146,1
1147,1
1148,2
1149,2
1150,2
1151,2
1152,2
1153,2
1154,2
1155,2
1156,2
1157,1
1158,1
1159,2
1160,1
1161,2
1162,1
1163,2
1164,1
1165,2
1166,1
1167,2
1168,1
1169,2
1170,2
1171,2
1172,2
1173,1
1174,2
1175,2
1176,2
1177,2
1178,2
1179,2
1180,1
1181,2
1182,2
1183,1
1184,1
1185,1
1186,1
1187,1
1188,2
1189,2
1190,1
1191,1
1192,2
1193,1
1194,1
1195,1
1196,1
1197,1
1198,1
1199,1
1200,1
1201,1
1202,1
1203,2
1204,2
1205,1
1206,1
1207,1
1208,1
1209,1
1210,1
1211,1
1212,1
1213,1
1214,1
1215,2
1216,2
1217,1
1218,1
1219,2
1220,1
1221,2
1222,2
1223,1
1224,2
1225,2
1226,1
1227,2
1228,2
1229,1
1230,1
1231,2
1232,1
1233,2
1234,2
1235,2
1236,2
1237,1
1238,2
1239,1
1240,1
1241,2
1242,1
1243,2
1244,2
1245,2
1246,1
1247,2
1248,2
1249,2
1250,2
1251,2
1252,2
1253,2
1254,2
1255,1
1256,1
1257,2
1258,1
1259,1
1260,1
1261,1
1262,1
1263,2
1264,1
1265,2
1266,1
1267,1
1268,2
1269,1
1270,2
1271,1
1272,1
1273,1
1274,1
1275,1
1276,1
1277,2
1278,1
1279,1
1280,1
1281,1
1282,2
1283,2
1284,1
1285,1
1286,1
1287,1
1288,2
1289,1
1290,1
1291,2
1292,2
1293,2
1294,1
1295,1
1296,1
1297,1
1298,1
1299,2
1300,1
1301,2
1302,2
1303,2
1304,2
1305,2
1306,1
1307,1
1308,2
1309,1
1310,1
1311,2
1312,2
1313,2
1314,2
1315,1
1316,1
1317,2
1318,2
1319,1
1320,1
1321,1
1322,1
1323,2
1324,2
1325,2
1326,2
1327,2
1328,2
1329,2
1330,1
1331,1
1332,1
1333,1
1334,1
1335,1
1336,2
1337,1
1338,1
1339,1
1340,2
1341,2
1342,1
1343,1
1344,1
1345,2
1346,1
1347,1
1348,1
1349,1
1350,2
1351,2
1352,2
1353,2
1354,2
1355,1
1356,1
1357,2
1358,1
1359,1
1360,2
1361,2
1362,2
1363,2
1364,2
1365,2
1366,2
1367,2
1368,2
1369,1
1370,2
1371,2
1372,2
1373,2
1374,2
1375,2
1376,1
1377,2
1378,1
1379,2
1380,2
1381,1
1382,1
1383,1
1384,1
1385,1
1386,2
1387,1
1388,1
1389,1
1390,1
1391,1
1392,1
1393,1
1394,2
1395,2
1396,1
1397,1
1398,1
1399,1
1400,1
1401,1
1402,1
1403,1
1404,2
1405,2
1406,1
1407,2
1408,1
1409,1
1410,2
1411,2
1412,2
1413,2
1414,1
1415,1
1416,1
1417,1
1418,2
1419,1
1420,2
1421,2
1422,1
1423,2
1424,2
1425,1
1426,2
1427,2
1428,2
1429,2
1430,2
1431,2
1432,1
1433,2
1434,2
1435,1
1436,2
1437,2
1438,2
1439,2
1440,2
1441,1
1442,2
1443,1
1444,1
1445,2
1446,1
1447,2
1448,2
1449,1
1450,1
1451,2
1452,1
1453,1
1454,2
1455,1
1456,1
1457,1
1458,1
1459,1
1460,1
1461,1
1462,1
1463,1
1464,2
1465,1
1466,1
1467,2
1468,1
1469,1
1470,2
1471,1
1472,2
1473,2
1474,2
1475,2
1476,2
1477,2
1478,2
1479,1
1480,2
1481,2
1482,2
1483,2
1484,2
1485,1
1486,1
1487,2
1488,2
1489,2
1490,2
1491,2
1492,1
1493,2
1494,2
1495,2
1496,2
1497,1
1498,2
1499,2
1500,2
1501,2
1502,1
1503,1
1504,2
1505,1
1506,1
1507,2
1508,1
1509,2
1510,2
1511,2
1512,2
1513,2
1514,2
1515,1
1516,2
1517,1
1518,2
1519,1
1520,2
1521,1
1522,1
1523,1
1524,2
1525,1
1526,2
1527,2
1528,2
1529,2
1530,2
1531,2
1532,2
1533,2
1534,2
1535,1
1536,1
1537,2
1538,1
1539,1
1540,1
1541,1
1542,1
1543,1
1544,1
1545,2
1546,2
1547,2
1548,2
1549,2
1550,1
1551,1
1552,2
1553,1
1554,1
1555,1
1556,1
1557,1
1558,1
1559,2
1560,2
1561,2
1562,1
1563,2
1564,2
1565,1
1566,1
1567,1
1568,2
1569,1
1570,2
1571,1
1572,2
1573,2
1574,2
1575,2
1576,2
1577,2
1578,1
1579,2
1580,1
1581,1
1582,1
1583,1
1584,2
1585,1
1586,1
1587,2
1588,2
1589,1
1590,1
1591,1
1592,1
1593,1
1594,1
1595,1
1596,1
1597,1
1598,2
1599,1
1600,2
1601,1
1602,2
1603,2
1604,2
1605,2
1606,2
1607,2
1608,2
1609,1
1610,2
1611,1
1612,1
1613,1
1614,2
1615,2
1616,2
1617,1
1618,2
1619,2
1620,2
1621,1
1622,1
1623,1
1624,1
1625,1
1626,1
1627,2
1628,1
1629,1
1630,2
1631,2
1632,2
1633,2
1634,2
1635,2
1636,2
1637,2
1638,2
1639,2
1640,2
1641,2
1642,1
1643,1
1644,1
1645,2
1646,2
1647,1
1648,2
1649,2
1650,2
1651,2
1652,2
1653,2
1654,1
1655,2
1656,2
1657,2
1658,1
1659,2
1660,1
1661,1
1662,1
1663,2
1664,2
1665,2
1666,2
1667,2
1668,2
1669,2
1670,1
1671,1
1672,2
1673,1
1674,1
1675,1
1676,2
1677,2
1678,1
1679,1
1680,2
1681,2
1682,2
1683,2
1684,2
1685,1
1686,2
1687,1
1688,2
1689,2
1690,1
1691,1
1692,2
1693,1
1694,2
1695,2
1696,2
1697,2
1698,2
1699,2
1700,2
1701,1
1702,2
1703,2
1704,1
1705,1
1706,1
1707,1
1708,1
1709,1
1710,1
1711,2
1712,2
1713,2
1714,2
1715,2
1716,2
1717,2
1718,2
1719,2
1720,2
1721,1
1722,1
1723,1
1724,1
1725,1
1726,1
1727,1
1728,1
1729,1
1730,1
1731,2
1732,2
1733,1
1734,2
1735,1
1736,1
1737,1
1738,2
1739,1
1740,1
1741,2
1742,2
1743,2
1744,1
1745,1
1746,2
1747,2
1748,2
1749,1
1750,2
1751,1
1752,2
1753,2
1754,1
1755,1
1756,1
1757,2
1758,2
1759,1
1760,1
1761,1
1762,1
1763,2
1764,1
1765,1
1766,2
1767,1
1768,2
1769,2
1770,1
1771,2
1772,1
1773,2
1774,2
1775,2
1776,1
1777,2
1778,2
1779,1
1780,2
1781,2
1782,1
1783,1
1784,1
1785,2
1786,2
1787,2
1788,1
1789,1
1790,1
1791,1
1792,2
1793,1
1794,1
1795,2
1796,2
1797,2
1798,2
1799,2
1800,1
1801,2
1802,1
1803,1
1804,2
1805,2
1806,2
1807,1
1808,2
1809,1
1810,2
1811,1
1812,1
1813,1
1814,2
1815,1
1816,2
1817,2
1818,1
1819,2
1820,1
